500 1798         
0 0.95

0 0.44

1 0.59
1

2 0.95
2
1

1 0.52
2

0 0.11

4 0.43
5
4
3
1

5 0.53
5
3
4
6
3

5 0.71
3
6
2
1
2

2 0.60
8
5

0 0.09

1 1.00
1

4 0.68
9
4
10
9

1 0.98
5

6 0.45
11
8
6
7
6
5

7 0.82
14
1
14
10
3
4
9

5 0.27
12
9
1
1
5

6 0.30
12
11
1
5
4
10

3 0.91
16
9
3

2 0.28
12
7

2 0.57
9
11

4 0.07
3
5
8
15

5 0.56
13
21
3
9
12

1 0.36
16

2 0.99
8
6

5 0.04
22
23
9
9
11

7 0.25
20
22
1
7
24
10
13

6 0.13
21
15
8
9
17
9

6 0.40
25
17
11
10
22
18

4 0.11
27
24
6
17

5 0.61
9
16
23
11
26

7 0.33
29
24
24
22
9
1
24

5 0.25
28
2
11
1
4

7 0.13
14
32
3
16
7
30
20

2 0.76
30
27

2 0.77
11
12

0 0.38

2 0.90
3
22

0 0.54

3 0.60
28
4
6

1 0.42
31

4 0.81
11
1
10
34

5 0.99
1
1
33
7
23

4 0.22
21
18
8
39

6 0.28
1
27
23
12
24
15

4 0.73
3
39
31
4

3 0.61
25
11
38

6 0.31
15
44
6
23
32
21

1 0.63
39

1 0.94
13

5 0.72
19
17
5
37
10

7 0.96
24
16
21
1
40
47
2

5 0.09
1
46
12
44
16

7 0.65
32
34
42
7
15
38
24

7 1.00
1
32
47
10
44
41
2

2 0.21
31
20

6 0.09
46
35
26
1
15
29

7 0.90
55
31
22
55
18
5
53

1 0.15
18

1 0.01
37

0 0.34

6 0.60
44
54
36
27
44
30

1 0.95
55

1 0.93
42

1 0.35
26

2 0.22
36
4

4 0.22
61
30
41
24

3 0.33
18
12
22

6 0.88
5
1
24
13
32
13

6 1.00
27
44
18
45
22
59

1 0.03
6

6 0.92
59
59
67
23
31
32

4 0.90
32
43
65
28

3 0.33
34
59
48

5 0.23
51
53
48
32
34

6 0.41
59
42
9
10
4
28

2 0.35
71
64

2 0.20
25
22

3 0.82
3
16
77

6 0.57
6
16
50
10
65
35

3 0.86
19
52
4

7 0.75
72
60
64
72
37
42
28

2 0.53
6
33

4 0.56
49
1
67
63

2 0.81
27
17

0 0.99

7 0.70
79
56
25
47
48
8
60

5 0.56
55
18
81
51
39

4 0.40
48
34
60
11

5 0.53
15
21
32
34
69

1 0.03
34

6 0.51
60
20
68
34
33
58

4 0.28
50
56
73
62

2 0.85
89
5

5 0.25
82
78
5
62
53

5 0.70
51
29
37
46
37

6 0.08
44
37
47
15
45
36

5 0.99
8
86
65
95
41

4 0.90
42
7
35
97

5 0.91
27
96
90
20
64

3 0.25
74
58
84

0 0.74

1 0.40
61

4 0.13
98
88
55
28

2 0.09
17
56

3 0.41
61
77
63

2 0.16
61
84

6 0.46
99
31
12
67
101
63

7 0.31
103
46
48
99
94
26
85

4 0.13
88
64
38
44

5 0.60
53
5
92
98
63

3 0.04
17
80
27

2 0.30
83
82

4 0.69
16
39
43
112

6 0.54
51
67
14
11
36
97

2 0.97
67
59

6 0.90
114
14
49
89
33
85

1 0.31
76

3 0.16
32
57
21

2 0.40
84
2

4 0.99
19
30
61
18

2 0.96
115
45

3 0.57
108
40
32

0 0.34

1 0.53
80

0 0.74

6 0.32
123
103
47
61
125
109

4 0.47
120
84
14
75

0 0.35

7 0.58
95
76
5
15
60
75
56

1 0.21
40

4 0.37
76
18
107
57

5 0.62
7
28
92
127
55

7 0.22
63
72
20
50
55
29
16

2 0.61
60
83

6 0.72
110
102
68
56
78
88

3 0.23
94
122
116

4 0.69
127
36
50
127

7 0.89
33
11
67
81
92
3
99

7 0.05
94
114
99
29
81
123
62

2 0.97
136
41

2 0.49
42
47

4 0.36
69
102
12
133

3 0.45
21
76
5

3 0.01
95
107
69

1 0.85
122

0 0.49

5 0.69
91
67
130
83
32

7 0.36
54
36
67
139
55
60
103

2 0.56
79
61

5 0.35
25
57
123
130
96

4 0.63
2
1
88
63

7 0.74
42
151
141
81
82
143
140

7 0.89
36
58
96
85
54
46
139

3 0.75
125
136
64

3 0.90
96
91
75

0 0.46

1 0.40
6

2 0.26
102
53

6 0.90
127
17
136
135
9
121

3 0.58
88
38
6

6 0.07
54
137
122
150
1
67

4 0.01
92
136
88
50

7 0.17
34
75
132
1
31
161
29

6 0.56
4
79
157
36
100
54

1 0.98
153

2 0.92
78
65

2 0.97
80
17

1 0.03
12

1 0.20
8

2 0.86
46
94

1 0.98
96

4 0.50
75
5
133
70

2 0.02
127
142

3 0.23
114
120
117

3 0.01
120
35
29

3 0.55
51
113
137

3 0.70
30
106
84

2 0.05
155
95

1 0.77
8

3 0.30
69
140
117

2 0.95
170
16

6 0.99
88
142
50
109
134
172

2 0.34
32
158

3 0.96
40
166
88

1 0.21
82

7 0.20
13
96
133
31
145
90
108

1 0.04
90

0 0.23

4 0.59
184
83
53
87

6 0.65
73
94
102
30
115
55

7 0.78
69
158
143
79
97
95
94

7 0.45
120
169
88
7
137
122
188

2 0.69
16
149

0 0.13

7 0.53
188
88
160
55
94
68
52

3 0.44
64
57
161

2 0.55
48
2

1 0.65
112

7 0.50
164
67
187
46
88
136
53

5 0.51
136
128
58
150
102

6 0.59
135
54
19
177
113
61

6 0.05
201
171
10
79
23
107

7 0.49
172
51
191
191
42
130
155

7 0.02
1
77
124
186
104
26
86

0 0.64

5 0.51
72
198
183
106
162

3 0.74
155
26
115

2 0.60
21
190

7 0.90
174
173
53
62
27
140
191

2 0.57
198
183

1 0.73
61

3 0.50
137
23
205

7 0.86
104
109
173
114
101
208
209

4 0.60
151
84
143
98

3 0.34
4
29
102

3 0.73
149
149
121

7 0.46
216
13
11
26
51
16
3

4 0.34
63
212
58
133

4 0.32
131
208
137
39

5 0.48
22
146
215
34
121

6 0.78
204
97
182
71
158
82

1 0.19
203

2 0.99
111
49

3 0.19
87
161
23

5 0.29
79
173
20
103
109

3 0.52
30
152
28

4 0.97
43
8
150
208

2 0.92
193
37

6 0.63
57
184
211
129
111
79

4 0.65
35
65
39
31

0 0.75

3 0.16
50
152
198

5 0.20
15
44
211
221
149

1 0.15
178

7 0.77
73
195
188
162
66
59
78

3 0.16
120
68
120

3 0.30
89
151
223

2 0.65
173
12

0 0.21

3 0.71
180
101
145

3 0.96
11
230
31

3 0.32
60
96
45

4 0.91
144
125
208
46

5 0.86
7
188
152
151
184

4 0.91
169
181
38
183

3 0.49
39
127
185

4 0.90
213
201
57
236

7 0.75
230
224
114
224
155
215
45

4 0.51
246
180
225
31

0 0.14

7 0.25
192
198
23
131
226
87
153

2 0.25
168
209

7 0.24
65
41
50
10
153
129
150

0 0.45

0 0.69

6 0.75
117
143
36
228
127
125

6 0.75
55
196
83
70
27
169

7 0.32
170
145
150
5
123
172
163

4 0.81
33
159
189
101

6 0.87
119
37
187
19
31
191

0 0.25

2 0.85
104
95

3 0.18
32
191
113

0 0.04

1 0.58
91

7 0.66
120
76
173
250
93
95
171

6 0.38
80
94
35
184
2
151

3 0.38
144
202
101

4 0.68
122
118
175
73

4 0.18
188
210
265
127

1 0.53
39

1 0.94
166

7 0.83
70
131
152
144
47
21
16

0 0.89

7 0.06
182
46
242
19
236
221
263

2 0.37
116
211

1 0.77
2

2 0.22
250
15

3 0.18
252
118
240

3 0.63
261
158
279

4 0.57
183
3
240
142

4 0.90
266
80
211
208

5 0.43
133
34
135
120
62

0 1.00

1 0.98
52

1 0.11
167

7 0.71
181
73
241
22
23
65
176

5 0.04
123
103
110
159
153

2 0.41
248
253

7 0.05
238
4
77
67
83
108
144

2 0.91
152
237

0 0.74

2 0.43
83
250

7 0.69
42
6
197
71
186
49
209

7 0.14
115
63
46
29
68
147
162

5 0.44
86
64
178
57
48

1 0.46
124

0 0.57

3 0.68
190
54
280

2 0.43
16
118

6 0.07
114
66
134
177
162
23

6 0.76
43
91
232
226
126
192

7 0.06
215
147
236
302
117
234
60

5 0.85
114
232
260
35
255

1 0.86
103

6 0.38
242
112
153
199
280
113

5 0.21
22
212
43
164
101

0 0.52

5 0.50
159
223
191
208
171

1 0.03
85

7 0.13
24
309
195
234
288
58
97

4 0.89
41
139
174
55

5 0.41
19
80
91
164
149

2 0.80
295
209

3 0.62
229
263
261

5 0.50
239
9
305
286
185

7 0.60
271
168
240
244
240
12
155

5 0.27
301
145
11
311
281

2 0.47
300
215

0 0.31

2 0.46
168
164

0 0.68

0 0.90

7 0.76
201
216
64
41
195
9
263

1 0.75
216

0 0.21

3 0.95
69
5
91

1 0.27
30

7 0.18
194
147
70
60
255
207
53

4 0.89
203
175
169
309

6 0.89
249
4
28
161
220
295

3 0.03
153
286
4

1 0.08
178

1 0.25
271

3 0.34
180
271
270

4 0.82
260
145
258
312

5 0.72
321
206
259
34
203

6 0.06
266
57
152
139
24
303

0 0.36

3 0.17
283
220
211

3 0.45
328
29
234

7 0.49
262
339
230
265
177
8
258

0 0.38

4 0.22
241
261
323
142

4 0.93
319
15
49
105

1 0.28
300

4 0.24
32
292
194
145

4 0.40
111
330
67
309

6 0.48
2
342
112
114
217
268

3 0.09
45
106
22

3 0.76
176
318
321

2 0.14
142
311

5 0.83
201
220
185
72
60

7 0.93
267
124
291
260
67
278
118

2 0.77
92
200

7 0.26
199
216
205
76
266
323
81

3 0.82
343
75
229

7 0.99
156
245
195
306
103
312
10

6 0.56
163
240
233
105
26
210

3 0.38
103
67
178

5 0.01
100
60
235
199
136

0 0.25

3 0.71
143
68
318

2 0.45
126
270

6 0.98
218
2
333
317
34
80

4 0.22
167
300
75
86

7 0.71
343
264
207
273
299
165
76

4 0.83
339
354
309
107

6 0.06
205
329
78
238
136
40

3 0.51
163
259
295

7 0.47
96
144
188
97
170
344
99

2 0.21
216
211

6 0.11
325
130
281
140
171
339

5 0.88
35
257
147
168
29

6 0.12
4
86
161
215
60
230

6 0.68
60
114
190
368
353
333

6 0.23
244
71
98
198
343
213

7 0.53
31
308
76
71
270
284
222

3 0.80
222
112
323

0 0.92

6 0.77
202
60
34
164
207
222

3 0.28
325
179
49

4 0.27
372
36
128
356

3 0.95
128
254
35

2 0.05
215
328

6 0.89
283
235
199
99
52
283

7 0.02
260
280
31
82
100
20
303

2 0.25
113
78

3 0.83
56
372
138

3 0.33
305
113
300

4 0.53
269
280
248
274

7 0.37
312
153
355
194
5
330
321

3 0.56
365
389
141

4 0.20
322
169
202
15

7 0.33
394
200
369
286
54
74
261

7 0.27
266
317
374
59
331
259
175

7 0.96
270
249
160
64
174
186
372

7 0.87
394
394
125
60
266
212
159

5 0.50
315
280
306
228
347

0 0.77

6 0.51
275
356
262
88
131
98

3 0.40
227
144
326

1 0.81
221

6 0.07
99
326
46
89
271
107

5 0.66
287
297
191
394
185

4 0.35
48
43
129
335

2 0.69
403
16

2 0.34
273
36

5 0.80
259
42
11
3
405

5 0.97
344
328
362
57
116

3 0.11
21
370
121

3 0.12
125
12
175

4 0.04
111
75
264
263

2 0.55
306
149

2 0.37
100
268

5 0.32
407
361
193
378
209

3 1.00
59
211
52

3 0.79
115
237
412

2 0.08
409
299

5 0.70
403
30
320
191
4

6 0.93
366
259
24
306
333
411

2 0.54
329
310

4 0.84
211
318
69
294

6 0.81
291
2
276
63
207
261

0 0.40

0 0.56

2 0.19
254
227

3 0.72
421
422
109

2 0.87
82
113

6 0.97
95
28
301
32
167
151

4 0.22
403
370
389
239

2 0.71
398
174

0 0.81

0 0.74

7 0.33
381
388
232
358
204
434
68

2 0.25
59
324

2 0.56
404
181

3 0.93
418
168
364

7 0.97
377
383
36
154
41
131
365

0 0.03

5 0.34
309
240
396
311
109

6 0.24
99
273
170
17
266
9

5 0.11
41
275
29
48
368

7 0.20
129
98
340
227
357
372
121

1 0.13
261

2 0.82
132
112

7 0.45
80
128
27
395
6
24
179

1 0.08
85

6 0.34
331
162
241
22
446
170

6 1.00
330
327
1
45
200
18

5 0.71
418
431
102
178
425

7 0.96
258
200
265
95
307
377
241

3 0.80
109
61
342

0 0.25

4 0.20
81
52
333
325

4 0.92
329
87
222
222

4 0.05
241
20
225
44

2 0.56
391
197

3 0.31
100
136
197

0 0.26

5 0.89
33
74
92
95
285

3 0.81
196
298
39

4 0.01
249
330
386
352

0 0.76

4 0.53
438
354
65
291

1 0.59
81

1 0.84
295

1 0.41
435

0 0.62

6 0.76
64
439
148
409
257
160

6 0.20
97
145
93
55
57
135

0 0.19

7 0.85
142
286
48
187
447
437
40

5 0.97
12
31
405
64
332

4 0.45
356
127
171
54

2 0.55
251
183

1 0.60
388

1 0.78
187

5 0.81
337
183
43
199
132

5 0.26
268
44
440
163
341

2 0.59
358
66

5 0.84
479
119
371
461
41

7 0.59
476
384
225
197
443
1
20

6 0.53
371
215
311
180
222
242

6 1.00
285
474
124
18
243
322

4 0.52
410
423
202
241

1 0.08
203

1 0.44
259

6 0.64
357
114
278
336
149
225

2 0.41
291
8

4 0.72
436
142
433
346

5 0.02
197
218
224
434
404

5 0.86
169
244
311
407
428

3 0.41
97
125
322

1 0.01
111

5 0.63
128
386
155
154
92

6 0.75
477
131
434
110
66
415

5 0.97
455
386
223
199
168

3 0.92
325
158
180
