400 997          
0 0.21

0 0.42

0 0.70

1 0.98
1

2 0.51
1
3

3 0.47
2
3
2

0 0.12

1 0.98
2

4 0.60
3
2
7
1

2 1.00
2
6

4 0.38
2
7
5
4

5 0.30
7
1
7
1
3

3 0.16
10
5
10

0 0.84

5 0.26
2
11
4
5
2

5 0.61
7
3
4
4
10

4 0.79
12
6
6
6

2 0.03
14
5

1 0.49
6

4 0.18
4
17
14
13

1 0.12
15

0 0.93

4 0.20
20
20
16
12

1 0.01
21

3 0.79
13
20
9

1 0.61
15

5 0.78
20
3
13
15
20

5 0.10
7
7
13
12
12

1 0.99
8

0 0.95

1 0.91
21

2 0.21
27
23

4 0.32
5
17
14
24

5 0.66
16
27
3
29
8

4 0.47
26
15
18
22

3 0.93
19
33
17

5 0.21
25
26
5
32
10

0 0.52

5 0.69
3
6
29
6
30

4 0.81
23
3
1
23

0 0.76

2 0.62
3
30

2 0.45
9
6

2 0.96
28
40

2 0.65
26
38

5 0.55
12
23
17
37
14

2 0.65
41
42

3 0.96
38
22
20

5 0.73
4
9
3
34
17

3 0.49
43
6
33

1 0.98
22

3 0.64
25
35
36

1 0.20
4

0 0.81

4 0.93
41
43
15
9

0 0.48

4 0.05
9
29
15
25

2 0.55
54
49

1 0.71
49

5 0.07
31
32
50
33
37

0 0.06

5 0.02
47
32
16
43
40

2 0.74
23
20

2 0.07
3
26

2 0.07
34
4

4 0.44
16
12
19
28

5 0.61
40
59
49
5
57

3 0.09
17
18
11

3 0.96
8
58
9

5 0.56
2
40
47
50
24

0 0.12

1 0.14
64

3 0.58
2
52
56

3 0.56
45
62
22

1 0.60
44

3 0.25
10
34
24

0 0.20

4 0.81
20
35
67
48

3 0.28
32
31
9

2 0.05
33
68

1 0.32
29

0 0.05

3 0.47
20
10
68

5 0.32
10
70
15
79
58

0 0.67

5 0.34
53
49
48
46
5

1 0.22
16

2 0.95
16
59

4 1.00
35
33
6
6

1 0.43
72

4 0.98
16
39
22
15

0 0.90

5 0.55
50
7
91
53
35

1 0.70
17

2 0.16
15
14

1 0.72
62

1 0.69
88

0 0.63

4 0.64
90
76
90
69

1 0.31
28

1 0.37
85

1 0.03
20

1 0.63
94

3 0.13
42
79
37

5 0.59
90
56
47
81
10

0 0.73

2 0.52
104
69

1 0.62
24

2 0.67
105
13

1 0.83
98

3 0.97
106
99
29

1 0.26
57

4 0.36
58
70
46
34

1 0.06
1

1 0.57
53

5 0.90
73
93
29
16
63

3 0.96
13
34
11

2 0.83
49
104

3 0.34
80
8
19

2 0.28
36
82

2 0.91
49
110

4 0.95
30
38
46
54

4 1.00
3
24
97
97

0 0.65

0 0.05

4 0.32
9
31
77
44

1 0.55
94

0 0.02

5 0.53
54
68
51
21
102

0 0.95

3 0.02
89
5
41

2 0.57
88
111

4 0.38
97
63
6
25

4 0.92
56
102
96
131

5 0.87
113
121
115
12
83

2 0.45
84
104

1 0.79
128

1 0.95
136

0 0.84

3 0.44
99
43
120

0 0.62

3 0.89
32
34
75

1 0.93
66

3 0.43
49
19
50

0 0.75

5 0.72
140
12
25
29
112

1 0.83
27

2 0.13
143
146

0 0.53

5 0.07
52
3
25
81
3

1 0.76
120

5 0.20
123
119
28
106
82

3 0.17
71
60
8

3 0.82
94
42
147

4 0.10
72
61
117
119

3 0.84
61
148
81

5 0.20
88
147
27
134
58

3 0.87
109
123
52

4 0.33
40
100
122
154

5 0.12
30
88
54
102
19

0 0.28

2 0.61
130
8

3 0.92
59
54
15

3 0.16
114
34
118

2 0.20
19
7

5 0.14
32
33
69
110
47

1 0.94
118

2 0.94
31
35

0 0.29

5 0.34
97
142
66
27
41

2 0.72
58
162

1 0.77
140

3 0.58
38
164
121

5 0.78
161
74
10
107
141

4 0.01
120
59
83
149

5 0.01
2
143
5
67
95

0 0.76

4 0.52
29
175
55
108

0 0.27

5 0.29
159
5
35
49
20

5 0.43
72
47
5
92
85

1 0.33
61

0 0.87

5 0.59
55
25
144
82
140

4 0.28
89
21
82
118

4 0.09
26
64
132
72

0 0.81

1 0.43
45

0 0.67

2 0.75
154
51

1 0.87
43

5 0.83
33
6
170
173
155

4 0.84
38
73
25
11

3 0.48
159
182
116

5 0.09
100
8
137
34
180

5 0.10
35
119
41
168
4

0 0.94

5 0.61
183
116
2
34
167

4 0.24
102
180
89
66

2 0.54
65
2

2 0.57
32
119

3 0.57
10
75
176

2 0.66
64
183

0 0.19

2 0.27
25
162

1 0.94
67

0 0.18

1 0.42
67

3 0.01
167
196
105

1 0.26
75

1 0.05
51

3 0.80
139
123
170

5 0.84
49
20
208
12
14

0 0.61

0 0.15

5 0.62
88
13
99
188
131

4 0.64
135
76
74
176

4 0.96
119
48
101
162

0 0.41

5 0.47
20
3
186
99
105

2 0.68
133
76

2 0.81
164
136

3 0.08
32
6
112

2 0.97
48
152

1 0.79
48

0 0.90

2 0.48
125
189

3 0.60
40
114
204

2 0.96
207
20

1 0.75
225

4 0.14
164
106
37
98

0 0.65

3 0.77
81
179
197

0 1.00

4 0.62
121
35
25
141

4 0.63
226
105
147
198

5 0.31
107
106
80
20
22

4 0.67
117
191
13
138

4 0.61
210
112
214
80

4 0.45
57
124
108
143

5 0.56
160
166
172
204
141

1 0.70
7

4 0.41
103
181
100
100

5 0.10
154
199
131
164
184

0 0.95

5 0.29
145
227
120
233
122

2 0.94
151
18

4 0.29
96
20
218
129

0 0.89

3 0.18
15
73
104

5 0.61
200
80
175
184
174

5 0.64
79
240
25
210
72

3 0.66
152
110
35

2 0.34
117
2

0 0.90

2 0.77
239
122

2 0.37
80
179

1 0.24
45

2 0.97
85
139

0 0.13

1 0.31
4

4 0.48
81
67
109
203

3 0.46
7
4
243

5 0.98
95
12
246
185
19

0 0.70

4 0.70
27
73
40
116

0 0.47

2 0.33
202
174

0 0.68

2 0.46
95
104

4 0.71
262
248
144
181

0 0.64

2 0.08
117
116

4 0.81
267
52
49
10

3 0.76
219
243
66

1 0.24
217

5 0.86
218
228
168
216
270

0 0.09

5 0.19
115
67
84
127
3

2 0.19
255
132

0 0.23

3 0.89
55
142
104

1 1.00
130

4 0.13
121
168
42
124

1 0.05
52

5 0.72
47
84
87
30
196

5 0.16
85
28
70
66
179

0 0.60

3 0.69
250
75
172

4 0.08
276
264
70
58

4 0.26
93
256
82
185

5 0.80
118
158
77
248
45

1 0.77
50

0 0.69

3 0.56
289
22
57

2 0.75
212
172

1 0.88
153

3 0.86
279
154
98

0 0.17

4 0.92
81
258
177
181

0 0.07

1 0.44
136

3 0.79
273
296
271

4 0.43
113
60
190
151

2 0.90
46
126

5 0.20
250
87
158
269
4

3 0.69
104
148
171

3 0.53
51
158
142

5 0.43
142
222
301
184
147

1 0.54
124

3 0.43
8
265
164

1 0.67
258

4 0.40
61
96
24
24

1 0.02
68

3 0.35
200
256
287

5 0.56
225
281
268
201
250

1 0.54
91

0 0.84

1 0.24
301

1 0.61
142

2 0.89
185
39

0 0.46

5 0.34
81
201
183
45
1

5 0.08
276
63
153
226
313

1 0.15
253

5 0.98
166
15
7
173
226

2 0.71
256
151

0 0.12

1 0.41
201

3 0.87
58
251
183

1 0.05
298

4 0.07
306
168
102
280

5 0.47
103
139
233
21
11

5 0.43
160
170
330
35
8

3 0.90
216
3
94

3 0.51
333
219
22

5 0.26
321
114
11
272
215

2 0.18
39
234

2 0.26
278
238

3 0.15
13
103
214

3 0.83
106
179
95

4 0.32
189
167
28
335

3 0.62
278
57
17

1 0.34
96

4 0.71
35
335
308
192

0 0.19

5 0.29
170
146
194
168
263

3 0.62
49
260
51

2 0.50
2
154

3 0.57
334
84
126

3 0.28
45
272
14

2 0.71
279
256

2 0.39
304
190

3 0.83
138
211
103

5 0.61
342
206
287
351
145

2 0.94
28
27

2 0.69
56
316

0 0.47

1 0.44
225

4 0.78
319
260
53
46

4 0.24
122
158
140
223

1 0.69
117

4 0.99
119
237
251
330

4 0.25
216
156
336
163

3 0.10
56
224
132

5 0.68
1
270
64
2
115

3 0.62
272
128
207

5 0.30
2
128
162
365
189

3 0.75
179
16
200

0 0.33

2 0.40
36
12

0 0.57

0 0.07

0 0.49

5 0.11
122
25
3
128
286

5 0.23
170
364
269
304
307

2 0.05
229
6

4 0.07
178
339
334
264

4 0.17
346
347
237
184

5 0.73
377
359
241
350
230

5 0.74
263
354
78
341
144

4 0.51
108
167
59
365

3 0.10
211
42
219

0 0.68

4 0.63
43
12
360
271

1 0.19
137

1 0.70
113

5 0.44
324
283
25
192
86

0 0.08

3 0.51
274
25
60

1 0.10
333

5 0.29
186
333
389
164
138

4 0.56
28
18
342
37

5 0.33
352
117
261
163
236

0 0.23

3 0.36
211
394
146

5 0.26
59
108
129
4
391

4 0.58
193
124
254
139

0 0.28

0 0.31
