1000 2016         
0 0.03

0 1.91

0 0.75

2 1.75
1
1

0 1.11

4 1.89
1
2
2
4

1 0.67
4

4 1.33
3
4
2
6

3 0.43
1
1
1

1 0.11
5

0 1.05

2 1.29
1
9

1 1.77
8

2 1.61
2
9

3 1.75
9
6
1

2 0.63
11
9

2 0.61
9
14

3 1.23
2
7
1

1 0.17
1

2 0.27
18
15

1 0.37
19

1 1.45
20

0 1.73

2 0.17
20
10

0 0.49

2 0.73
22
21

4 0.69
10
1
8
17

4 0.21
2
18
20
18

0 0.97

4 1.99
14
27
20
13

0 1.59

1 0.23
29

3 1.75
18
19
13

4 1.39
22
16
32
29

1 1.25
1

0 0.53

4 1.53
5
10
10
4

2 1.63
27
24

1 0.27
32

4 1.29
26
17
30
35

2 0.75
2
17

4 0.91
40
17
39
23

1 0.69
23

0 1.57

1 0.39
30

3 0.01
20
33
32

4 0.43
4
37
10
4

2 0.25
4
19

0 1.79

4 0.85
13
34
15
42

1 1.69
41

3 0.29
3
18
26

4 1.67
30
14
19
6

3 0.49
38
40
45

3 0.17
10
29
16

4 0.37
31
39
14
22

4 0.09
19
49
19
11

2 1.07
8
41

3 1.51
25
21
1

4 0.99
31
43
50
2

4 0.83
52
18
23
31

4 1.01
56
11
39
31

1 0.89
58

0 1.67

1 0.59
22

4 1.15
32
16
40
43

4 1.13
35
31
47
22

0 1.11

4 0.35
18
34
37
21

3 1.21
36
2
68

2 1.77
4
44

0 0.59

2 1.03
40
67

1 0.85
39

2 0.11
41
56

0 1.65

2 1.57
20
38

3 0.23
58
29
3

3 0.29
62
76
11

3 1.41
47
41
42

3 1.67
68
70
7

4 0.03
41
14
27
4

3 1.11
56
44
25

1 0.91
51

4 1.11
6
5
63
75

3 1.63
37
66
27

1 1.09
21

0 1.91

0 1.49

4 1.87
52
75
66
40

0 1.25

2 0.31
38
49

3 1.27
59
18
56

2 1.91
16
70

1 1.21
24

4 0.29
3
78
66
15

1 1.27
17

1 1.05
37

3 0.31
58
40
40

0 0.73

1 1.13
94

3 0.91
30
49
38

0 1.73

2 1.31
18
58

2 1.29
26
59

4 1.73
92
33
71
40

4 1.73
1
1
53
57

3 1.13
14
82
60

0 1.73

2 0.49
89
11

3 1.09
71
103
44

4 0.27
108
2
56
62

2 0.29
32
89

2 0.23
59
67

3 0.03
44
110
96

3 0.33
49
8
74

0 1.77

1 0.63
4

0 1.29

4 1.83
113
99
55
56

2 1.15
103
109

1 1.47
9

4 0.57
44
114
55
116

0 1.73

1 0.45
100

3 0.23
66
115
102

0 1.11

1 0.67
46

1 1.53
30

3 1.71
113
71
44

1 0.65
103

4 0.51
69
21
107
36

3 1.03
117
13
32

3 1.39
71
32
8

0 0.45

2 1.99
94
29

3 0.29
51
2
18

2 1.79
116
83

2 1.15
121
54

1 0.47
137

3 0.57
11
134
70

1 1.41
13

1 0.89
132

1 1.51
88

1 1.79
40

3 0.93
11
58
99

4 1.63
10
93
87
39

0 1.11

3 0.07
84
49
102

2 0.75
131
119

0 0.47

0 1.07

3 1.01
121
28
78

0 1.73

4 1.99
15
101
4
68

4 1.31
103
70
133
104

4 0.17
150
31
94
139

0 1.99

0 0.59

0 1.83

4 1.35
64
128
145
86

0 0.27

4 0.63
8
62
49
27

4 0.87
42
76
77
149

2 0.19
63
109

1 1.13
86

2 0.75
75
37

1 1.99
108

3 1.27
105
109
85

2 1.43
117
108

2 0.97
27
84

4 0.31
33
152
129
132

3 1.13
118
95
90

2 1.89
169
122

1 0.17
77

1 1.53
156

0 0.59

3 0.13
32
17
62

4 1.07
126
82
89
75

4 1.07
25
2
103
120

2 0.15
63
89

3 1.23
170
27
105

3 0.37
41
67
160

3 0.49
46
71
75

3 1.69
153
37
105

0 1.01

1 0.13
123

3 0.53
15
42
148

2 0.81
58
156

2 0.01
170
61

0 0.35

1 0.97
117

0 1.59

3 0.37
189
104
83

2 1.45
4
122

3 1.43
1
187
191

3 0.33
178
150
27

2 0.85
28
183

2 1.89
73
66

4 0.55
74
15
62
176

4 1.15
19
99
19
57

2 0.83
130
141

1 0.69
115

0 0.41

3 1.73
72
14
140

4 1.25
181
39
115
20

3 1.91
109
186
7

1 0.41
138

4 0.77
46
75
192
167

4 0.55
2
149
91
4

1 0.41
101

4 0.73
169
6
206
128

3 1.99
67
81
33

3 1.19
133
202
104

1 1.27
114

0 1.89

1 1.43
74

4 0.59
100
98
37
197

0 0.43

4 1.47
145
193
143
200

3 0.89
133
158
58

3 0.73
93
63
136

0 1.37

0 1.59

2 0.47
189
25

4 0.17
184
87
62
216

0 0.01

0 1.75

4 1.37
16
160
129
148

2 1.25
163
109

4 0.45
99
41
52
161

4 1.91
106
61
109
130

0 0.27

1 0.93
174

1 1.97
158

0 1.29

4 1.09
176
60
154
193

0 1.53

1 0.05
78

1 1.45
51

2 0.43
158
193

3 1.85
45
165
81

3 0.63
50
7
50

4 0.43
179
35
195
134

4 0.09
2
127
242
212

3 0.65
187
118
2

0 1.89

3 0.79
222
133
117

0 1.31

4 0.77
232
175
159
80

1 1.31
142

3 0.13
64
203
182

0 0.87

4 0.43
99
240
184
144

4 0.79
59
99
52
84

0 0.33

3 0.31
207
79
109

1 0.83
11

4 0.69
81
133
189
13

2 0.59
123
238

2 0.73
62
16

1 1.77
153

4 1.25
43
92
10
89

2 1.29
101
139

4 0.99
10
229
190
61

2 1.91
125
95

3 0.51
125
7
198

0 0.91

0 1.97

3 1.25
55
191
163

2 0.91
199
62

1 1.05
207

0 0.03

2 1.81
88
43

3 0.85
112
243
257

0 1.25

4 1.57
96
202
242
231

3 1.35
150
241
164

2 1.11
108
141

2 0.23
45
90

0 1.87

3 0.23
89
28
163

4 1.75
4
160
122
74

2 1.47
124
139

1 0.45
232

1 0.65
21

0 1.77

4 0.21
26
107
146
276

3 0.17
227
80
223

2 1.71
217
216

0 0.63

0 0.25

0 1.87

3 0.87
106
43
93

4 0.59
70
26
276
131

1 0.53
262

1 1.03
50

4 1.71
68
203
154
79

3 1.67
283
260
180

2 1.05
143
74

2 1.69
73
94

3 1.09
49
47
140

4 1.55
33
33
108
148

2 1.17
56
183

0 1.11

3 0.91
205
234
123

2 0.53
258
26

3 1.81
42
106
93

1 0.65
33

2 1.11
270
86

2 1.11
89
131

2 0.53
293
230

1 1.13
14

4 0.95
127
12
27
265

4 0.67
35
290
11
105

2 0.67
228
229

1 0.81
98

1 0.99
175

4 1.21
93
226
100
274

1 1.39
309

0 0.35

4 0.63
191
118
254
128

1 1.03
183

3 1.33
264
201
123

3 1.77
31
70
234

1 0.15
250

1 0.41
299

4 1.99
153
236
17
172

4 1.37
237
210
101
17

3 1.85
313
22
104

1 1.59
135

4 0.39
102
294
199
97

2 1.17
126
211

1 0.67
206

0 1.57

3 1.17
66
152
206

0 0.13

1 0.41
96

0 1.03

3 1.95
278
320
48

4 1.03
234
204
220
16

4 0.81
228
171
217
105

2 1.13
52
71

3 1.59
161
187
90

0 1.51

3 0.01
309
142
165

3 1.03
165
329
44

1 0.63
259

3 0.11
347
46
53

1 1.05
168

2 1.31
169
251

4 1.01
64
127
331
33

2 0.27
52
7

4 0.49
206
233
186
124

2 1.53
202
56

1 0.27
284

1 0.09
142

2 0.09
77
280

1 0.39
64

4 1.07
173
44
210
344

4 0.93
260
225
109
15

3 0.83
153
205
241

4 0.77
76
105
59
340

4 1.41
334
308
7
306

4 1.03
253
88
12
205

0 0.49

1 1.23
308

2 0.59
105
237

2 0.63
126
175

0 1.11

4 1.89
42
151
146
322

3 0.01
255
54
187

3 1.25
346
332
271

3 0.87
318
87
206

3 0.61
35
88
287

4 1.13
319
40
264
165

0 1.89

2 1.41
212
267

0 1.69

4 1.13
349
85
333
105

1 0.37
199

0 0.41

2 1.67
299
98

4 1.19
132
246
266
17

0 0.39

0 1.83

1 0.85
40

1 0.27
359

0 1.39

2 1.27
184
65

4 1.41
207
257
323
374

0 0.89

0 0.73

3 1.29
48
319
34

1 0.09
38

3 0.91
226
50
22

0 1.57

3 0.01
51
28
54

0 1.95

3 0.33
284
166
281

1 0.25
92

2 1.35
119
14

2 1.17
157
327

1 0.37
74

3 1.39
144
258
348

4 1.63
73
213
265
58

2 1.17
135
183

0 0.07

4 1.79
343
255
342
342

2 1.23
93
312

3 1.93
51
372
185

1 0.63
359

0 1.11

1 1.25
65

1 0.53
39

1 0.13
286

3 0.19
225
311
400

2 0.55
49
150

3 1.43
265
271
68

0 0.61

4 0.27
74
210
175
241

3 0.17
321
241
358

2 0.85
214
285

2 0.07
327
262

3 0.67
80
20
32

0 1.81

0 1.41

0 1.21

0 1.53

4 1.31
139
95
159
304

0 0.37

1 0.31
328

3 0.19
188
428
121

4 1.27
298
390
172
18

0 1.91

2 0.21
123
230

1 0.37
343

2 0.71
306
180

3 1.11
76
311
86

2 0.11
144
110

2 1.71
211
319

3 1.21
243
137
170

3 0.61
313
313
313

3 1.47
61
394
277

0 1.79

1 1.59
270

1 0.47
109

0 1.61

3 0.73
433
210
99

3 1.07
428
389
6

2 0.41
272
427

1 1.43
332

4 0.83
89
192
192
171

0 0.61

2 0.07
130
125

3 1.71
59
92
335

3 1.59
109
344
139

0 1.37

0 1.95

4 1.79
415
455
425
311

1 0.09
65

0 0.05

4 1.71
173
317
17
296

3 1.51
50
176
187

4 0.89
294
227
39
303

1 0.51
463

2 1.33
259
71

3 0.99
195
353
178

4 1.43
137
427
101
163

2 1.31
227
135

3 0.11
82
206
305

4 1.39
325
64
203
122

0 0.25

2 0.95
284
308

1 0.95
199

1 1.43
248

3 1.83
171
28
229

3 0.71
308
404
471

2 1.31
4
362

0 0.01

1 0.67
86

1 0.93
222

0 1.53

1 0.65
321

4 1.71
419
91
45
74

3 1.11
158
169
162

3 0.47
218
207
190

2 1.11
252
53

3 1.15
64
461
456

2 0.25
483
378

1 0.15
310

1 0.11
317

1 1.91
178

3 1.85
336
450
199

4 1.91
397
355
482
471

4 1.85
8
300
137
415

1 1.47
110

0 0.99

4 0.85
171
451
338
215

3 1.89
145
158
480

4 0.87
324
280
191
461

4 1.19
20
306
447
187

0 0.95

2 0.47
202
195

3 0.43
404
125
325

3 1.05
171
277
59

2 0.81
312
206

3 0.27
314
340
299

4 0.73
362
217
465
334

4 0.79
361
472
455
268

1 1.71
342

3 0.35
198
311
42

3 1.79
482
72
35

3 0.13
406
341
440

4 1.03
406
476
332
172

1 1.75
281

3 0.31
407
68
514

4 0.97
401
63
190
84

0 1.17

3 1.95
463
186
296

4 1.87
330
15
450
214

3 1.11
432
172
481

1 1.19
43

3 1.47
468
120
64

4 1.35
57
512
394
29

4 0.49
165
133
502
22

1 0.39
267

0 1.61

0 0.81

0 1.09

2 1.07
453
68

4 1.71
53
83
174
429

4 1.61
212
177
163
200

4 0.13
329
292
52
3

4 0.07
491
288
483
416

1 1.43
27

1 0.51
282

3 0.53
61
379
91

3 1.19
485
253
44

0 1.57

3 1.23
457
364
185

1 1.01
339

1 0.21
344

2 0.17
321
521

1 1.69
126

2 1.09
105
48

1 0.63
106

1 1.03
487

4 0.89
234
396
290
306

2 0.45
80
429

2 1.11
396
525

4 1.11
463
228
268
78

3 1.93
468
405
276

0 1.83

3 1.27
59
364
529

3 0.53
195
184
170

1 0.45
39

1 1.69
55

2 0.21
328
507

1 0.97
403

1 0.35
250

2 1.55
13
415

3 1.27
63
35
204

0 1.07

4 1.63
202
376
252
148

0 1.03

4 1.43
163
319
5
15

0 0.27

3 0.69
59
492
346

4 1.85
544
496
371
513

3 0.59
569
387
391

4 1.99
413
186
276
309

1 1.73
394

1 1.21
396

3 0.91
354
385
472

4 1.51
204
86
546
239

4 0.57
123
469
238
343

1 1.79
362

0 0.11

4 1.15
354
378
71
194

4 0.07
440
380
349
159

2 1.61
548
399

3 0.95
579
377
341

4 1.43
1
484
421
199

3 0.59
17
247
334

1 0.69
91

4 1.99
102
146
243
315

4 0.17
193
98
427
34

2 1.89
301
550

2 1.27
192
190

3 0.59
69
532
11

2 0.85
17
590

3 1.13
50
272
522

1 0.99
549

0 0.19

2 1.35
97
245

4 0.05
317
457
355
288

4 1.85
94
32
4
39

4 1.85
166
287
336
120

3 1.89
100
227
325

4 1.35
251
221
358
418

3 0.57
52
512
239

4 0.41
362
306
93
102

4 1.31
569
88
493
20

3 0.71
469
265
298

3 1.31
235
383
436

1 1.15
111

3 1.71
496
12
75

3 1.05
440
55
91

1 0.39
607

1 0.11
454

1 1.89
124

1 0.29
250

2 1.85
101
368

4 0.49
611
597
595
198

0 1.85

1 1.89
532

0 0.67

4 1.47
590
250
288
482

1 0.33
382

2 0.61
433
453

1 1.75
565

0 1.31

1 0.29
353

4 1.69
590
453
142
301

1 1.05
131

0 0.37

3 1.15
489
530
202

0 1.71

4 1.69
264
255
604
388

0 0.67

1 0.87
242

2 0.51
340
125

1 0.39
395

1 0.13
96

1 1.57
350

1 0.71
5

0 0.99

0 1.65

3 1.99
624
267
635

4 0.15
174
213
391
145

2 1.51
164
52

4 1.67
132
428
304
265

3 0.39
422
157
611

1 1.79
492

3 1.43
90
94
213

1 1.07
287

3 0.53
370
362
559

3 0.37
198
445
349

3 0.67
148
401
393

0 1.37

1 1.65
285

3 1.43
227
43
184

4 1.03
78
211
132
340

0 0.69

0 0.83

1 1.61
137

4 1.95
468
605
552
642

4 0.61
636
263
176
546

2 1.65
326
552

0 1.85

3 1.45
130
91
566

0 1.97

0 0.31

2 1.27
148
369

2 0.89
44
68

2 1.89
325
346

1 0.17
72

1 1.75
93

3 1.93
125
140
314

1 1.29
155

1 1.83
472

1 0.13
358

0 1.07

1 1.79
415

1 1.23
301

1 0.35
475

4 1.57
265
374
197
39

4 1.33
659
315
311
120

4 1.75
72
434
635
677

1 0.99
386

2 1.65
551
14

0 1.37

2 1.43
196
609

2 1.37
360
32

2 0.03
383
14

0 1.91

1 1.43
649

0 0.97

2 1.35
211
47

3 0.63
489
473
251

0 1.15

0 1.75

1 0.97
37

3 1.37
506
152
479

2 1.41
414
643

3 0.43
525
629
453

3 0.79
282
100
446

0 0.75

3 1.15
240
606
334

2 0.65
301
539

3 0.21
428
181
232

1 0.59
531

0 1.97

1 1.03
120

3 1.37
38
149
356

1 0.37
576

3 0.99
624
566
428

4 0.71
332
600
10
550

2 0.63
708
135

3 1.31
25
619
674

1 0.59
641

1 0.99
679

4 0.11
336
160
507
46

1 1.77
278

0 1.61

4 0.69
380
376
352
130

4 1.51
368
273
407
561

2 1.13
390
145

3 0.85
333
399
445

3 1.05
657
622
615

2 0.83
29
312

1 1.61
26

3 1.35
297
619
227

1 1.25
366

3 0.21
130
715
624

1 1.47
714

4 1.23
629
694
566
320

0 1.99

1 1.77
622

4 0.21
408
729
414
477

3 1.47
450
535
564

2 0.67
718
164

2 0.41
405
700

3 1.23
153
406
326

1 1.79
95

3 1.91
659
373
479

2 0.35
149
335

3 0.91
504
333
250

1 1.07
281

4 1.45
85
475
677
237

2 0.75
358
276

1 0.29
426

0 1.39

0 1.85

2 0.39
538
257

3 0.09
536
371
16

0 1.45

1 0.67
249

0 1.15

2 0.13
484
362

4 0.45
618
209
360
6

0 0.41

3 1.05
666
30
465

4 1.07
510
663
738
722

3 0.51
570
270
54

3 1.63
212
729
385

2 1.47
145
349

4 1.33
677
219
221
331

1 0.37
390

0 1.81

0 0.13

2 0.17
446
259

3 1.53
715
737
88

1 0.13
182

0 0.93

2 0.29
162
456

0 1.67

4 0.11
18
480
559
149

3 1.19
272
418
111

1 1.47
679

2 0.75
622
634

2 1.65
480
497

4 0.89
228
239
342
117

4 0.51
347
655
265
2

0 0.83

1 0.57
769

0 0.93

2 1.73
56
228

1 0.17
161

3 1.41
448
778
84

1 1.87
195

4 0.07
161
128
551
483

0 0.21

3 0.01
128
666
733

3 1.79
537
693
716

3 0.19
650
253
679

2 0.59
418
433

2 0.39
398
631

0 0.65

0 0.21

2 1.99
604
549

4 0.11
399
505
455
494

1 1.29
232

4 1.25
340
649
424
149

1 1.01
262

2 0.45
788
131

1 1.37
90

3 1.59
41
650
475

0 1.57

2 0.63
252
281

2 0.25
215
747

3 1.19
723
221
757

3 0.19
701
729
483

4 1.09
138
589
228
349

0 1.09

2 0.81
725
278

3 1.69
783
358
520

0 0.69

1 0.59
56

2 1.19
146
575

2 0.75
396
348

1 0.85
54

3 1.09
706
65
782

2 1.13
83
282

2 0.35
755
786

1 1.73
430

2 1.99
467
33

1 0.77
240

2 0.75
665
816

1 1.69
716

2 1.01
347
295

3 1.35
608
210
103

2 0.63
187
493

1 0.43
82

3 0.93
39
737
384

4 0.53
686
737
381
203

1 1.21
288

3 1.49
721
88
734

3 0.79
623
214
425

1 1.81
461

4 0.07
118
452
687
19

2 0.05
634
566

3 1.35
738
486
317

1 0.11
140

1 1.59
358

3 0.17
469
781
699

1 0.43
672

4 0.27
489
300
589
762

3 0.77
333
540
328

1 0.67
415

4 1.57
655
790
314
831

3 1.25
580
15
70

2 1.25
243
99

0 0.97

1 0.01
571

1 1.59
314

1 0.35
645

3 0.49
384
728
332

3 1.63
172
564
837

0 1.31

1 0.25
148

2 1.03
3
728

4 1.33
159
34
343
700

3 0.91
271
242
559

2 1.83
133
365

0 0.77

4 0.57
392
819
276
441

4 1.53
239
331
811
489

4 0.83
470
278
825
732

1 1.25
676

4 0.59
782
63
285
220

0 0.89

0 1.77

3 1.51
70
859
833

0 1.97

0 0.19

4 1.65
485
165
803
529

0 1.55

1 0.93
358

1 1.91
121

2 1.19
334
726

4 0.19
481
375
293
29

0 0.93

4 0.61
748
330
478
781

2 0.79
799
542

0 1.87

0 1.13

1 0.25
798

4 1.69
726
161
511
825

4 0.23
282
202
445
134

1 1.65
825

1 0.63
471

3 0.39
202
211
713

0 1.75

0 1.33

1 1.09
753

3 1.87
822
134
431

4 0.59
511
557
351
593

2 1.91
503
484

4 0.63
19
540
22
408

3 1.01
27
175
223

2 0.89
714
4

4 1.43
117
814
163
662

2 1.29
789
568

1 1.81
533

3 1.49
573
407
410

4 1.39
589
541
262
178

0 0.65

0 0.41

4 0.15
504
856
679
433

1 1.25
253

4 0.53
28
420
466
500

4 0.37
858
187
821
320

1 0.59
259

1 1.67
423

4 0.33
725
814
742
861

1 0.01
715

3 0.99
177
165
620

1 0.35
679

3 0.75
404
67
370

3 1.35
189
45
87

2 0.37
421
824

4 1.93
899
123
794
157

1 1.87
327

0 1.89

4 0.75
402
746
71
333

0 0.87

0 0.25

4 1.93
144
304
28
804

1 1.95
848

3 0.97
160
512
826

3 1.19
330
503
892

4 1.77
48
909
10
776

2 0.61
772
122

0 1.51

0 0.03

1 0.49
342

0 0.93

0 1.87

4 1.59
449
163
350
170

4 0.73
28
442
56
647

3 0.67
342
758
804

1 1.05
837

2 1.59
842
743

2 0.33
359
700

2 1.49
88
17

3 1.37
568
187
540

0 0.43

2 0.41
643
685

1 1.95
890

2 0.57
622
793

4 0.59
43
268
839
662

1 1.67
64

0 0.19

0 0.69

4 1.67
18
414
787
325

0 0.33

2 1.67
916
599

2 1.69
788
255

0 0.01

1 0.69
820

2 0.53
458
480

2 0.03
884
448

1 1.75
43

1 0.65
538

0 1.09

4 0.47
45
414
382
851

2 0.47
833
408

3 0.95
569
769
650

0 1.79

2 1.95
766
887

0 1.49

4 0.75
232
748
190
590

2 1.51
215
708

2 0.07
59
927

2 1.93
68
248

1 0.33
370

4 0.97
662
425
242
356

3 0.47
626
408
376

2 0.45
387
239

1 1.97
404

2 0.67
65
418

3 1.59
198
231
761

0 0.63

0 1.41

2 0.27
427
567

3 1.79
395
147
868

4 1.11
114
873
504
791

3 0.95
660
111
733

2 1.63
367
237

1 1.75
759

0 1.05

1 1.89
453

2 0.99
196
868

0 0.89

4 1.79
897
753
561
775

4 1.19
524
802
258
231

1 1.15
517

0 0.91

1 1.25
845

1 1.33
315

2 0.71
91
981

4 0.83
4
295
223
45

3 0.37
32
661
986

1 1.33
859

0 0.35

0 1.85

1 1.85
823

2 1.09
433
910
