100 179
 1.77

0 1.11

0 1.55

0 0.81

2 1.43
2
3

0 1.25

0 1.79

3 1.97
6
6
1

3 1.69
5
5
7

1 1.99
3

3 0.15
9
6
1

0 0.11

2 1.35
7
5

3 0.01
2
6
10

2 0.61
2
1

3 1.81
4
4
10

0 0.97

3 1.83
9
9
9

4 1.57
16
10
10
8

1 1.47
13

1 1.49
4

1 0.69
9

1 0.81
19

1 1.65
9

4 0.57
4
16
2
4

2 0.95
14
14

3 0.85
15
16
2

1 0.55
25

4 1.39
26
13
20
8

0 1.67

4 0.87
24
6
1
23

0 1.01

4 0.33
18
15
6
31

3 1.51
29
32
11

4 1.71
15
14
19
26

0 0.83

1 0.85
21

1 0.75
31

4 1.27
4
16
27
18

2 0.17
29
14

2 0.03
37
13

4 0.51
23
13
36
17

2 1.73
13
20

0 1.61

4 0.63
31
43
13
18

1 1.93
39

2 1.01
44
30

3 0.45
5
28
10

2 1.53
29
14

2 0.11
10
22

4 0.51
20
8
39
33

0 0.29

1 0.17
18

2 1.63
26
7

2 1.53
29
27

3 0.27
13
44
5

1 1.33
14

3 0.11
30
44
25

1 0.87
48

1 0.51
10

0 0.25

0 1.93

1 1.15
29

1 1.43
16

0 1.21

2 1.87
13
13

0 0.61

3 0.97
31
50
66

3 1.55
53
19
5

3 0.89
47
45
67

1 1.03
25

0 0.09

1 0.87
37

3 0.07
21
48
7

3 1.97
1
20
18

1 0.97
38

1 1.55
72

2 0.93
31
32

3 0.73
51
37
76

1 0.33
33

4 0.25
69
8
28
40

0 0.21

0 0.43

2 1.77
2
29

4 1.19
64
39
27
9

4 1.51
63
84
72
32

4 0.05
33
58
49
68

0 1.49

2 0.85
14
79

2 0.65
28
73

3 0.15
51
3
79

2 1.61
75
13

0 0.81

0 0.87

3 1.47
48
20
78

0 0.07

0 1.51

4 0.85
63
20
81
96

4 1.93
40
41
45
81

1 1.49
72
