50 106          
0 0.19

0 0.40

0 0.14

1 0.37
1

0 0.85

0 0.61

0 0.81

1 0.65
2

4 0.90
3
4
2
2

5 0.95
5
7
7
7
3

5 0.27
9
3
3
1
4

5 0.89
2
5
1
6
7

5 0.75
3
3
1
10
4

5 0.24
5
11
2
7
9

5 0.31
6
1
8
13
5

5 0.72
12
12
12
3
11

0 0.92

0 0.35

2 0.15
16
4

1 0.79
11

2 0.69
16
14

0 0.26

5 0.61
14
21
13
10
13

3 0.70
3
6
5

3 0.43
12
10
3

0 0.56

2 0.74
9
23

1 0.50
14

2 0.65
26
7

3 0.09
21
16
9

0 0.27

3 0.86
2
7
30

0 0.53

3 0.43
18
28
11

4 0.49
12
1
33
17

3 0.07
19
14
29

5 0.50
33
2
33
12
19

0 0.41

1 0.82
1

0 0.20

0 0.45

1 0.92
33

3 0.68
5
7
29

3 0.56
18
18
6

3 0.34
39
12
6

0 0.72

2 0.87
20
9

1 0.39
46

5 0.02
13
12
21
33
25

4 0.05
46
9
32
8
