300 729          
0 0.41

0 0.62

0 0.55

0 0.71

3 0.60
3
3
3

4 0.33
4
3
3
4

0 0.30

1 0.98
1

3 0.15
6
1
7

3 0.90
6
7
4

0 0.46

3 0.24
6
10
3

2 0.18
11
10

1 0.79
8

3 0.60
5
13
3

3 0.65
1
13
5

5 0.65
10
1
8
15
14

2 0.34
10
3

1 0.23
4

5 0.61
18
12
14
10
18

1 0.70
17

3 0.08
7
9
4

3 1.00
13
4
10

0 0.68

3 0.64
2
5
12

3 0.09
24
22
11

0 0.74

1 0.33
7

5 0.66
12
26
18
8
11

4 0.09
6
21
17
21

5 0.50
9
27
13
8
29

0 0.24

0 0.87

2 0.95
21
19

1 0.81
14

0 0.46

5 0.58
23
21
16
16
9

5 0.80
32
23
18
9
19

2 0.44
29
27

4 0.98
36
1
37
15

2 0.31
3
22

3 0.68
23
7
3

4 0.29
16
29
38
17

1 0.60
15

0 0.26

2 0.61
24
2

0 0.88

1 0.63
24

4 0.05
12
16
19
26

4 0.47
43
7
28
31

4 0.58
39
30
6
28

4 0.86
21
12
4
45

0 0.62

1 0.76
19

1 0.75
12

2 0.07
43
42

5 0.37
39
3
20
3
45

5 0.88
41
31
27
8
5

3 0.69
47
10
38

2 0.07
9
12

1 0.29
39

3 0.35
60
8
34

5 0.81
15
37
52
59
47

2 0.78
26
4

0 0.27

0 0.97

5 0.20
6
39
38
54
63

2 0.78
14
15

0 0.66

5 0.57
42
3
30
63
61

4 0.60
50
27
28
3

3 0.14
66
1
35

4 0.58
2
6
1
71

1 0.11
49

2 0.75
43
15

4 0.75
23
8
64
26

4 0.20
30
41
39
19

4 0.84
9
69
18
38

0 0.31

0 0.02

2 0.57
61
9

0 0.92

1 0.71
70

3 0.97
8
9
59

2 0.33
12
66

2 0.10
57
53

5 0.92
35
7
75
45
52

0 0.90

1 0.64
55

4 0.68
4
30
45
57

1 0.47
29

1 0.63
68

1 0.40
54

4 0.68
32
23
55
64

0 0.28

1 0.52
40

4 0.59
90
91
35
57

1 0.58
83

1 0.84
13

5 0.24
76
85
43
84
47

3 0.60
55
32
44

1 0.22
40

3 0.01
93
36
28

2 0.29
74
76

2 0.64
83
94

4 0.87
25
59
87
50

5 0.58
87
35
19
103
68

1 0.56
2

5 0.53
48
28
65
23
25

4 0.87
95
42
90
8

0 0.80

5 0.49
38
26
50
34
11

5 0.04
36
82
28
81
8

2 0.76
108
65

2 0.70
19
48

0 0.37

3 0.11
29
59
54

2 0.10
67
36

2 0.29
44
56

1 0.83
38

4 0.17
86
58
68
28

0 0.50

5 0.47
79
74
112
5
108

1 0.91
106

3 0.16
110
51
31

5 0.80
56
11
115
103
118

4 1.00
6
16
3
17

4 0.61
73
20
123
51

0 0.67

0 0.92

5 0.28
104
103
65
71
110

0 0.93

2 0.79
48
19

1 0.97
73

5 0.83
108
102
87
42
61

0 0.61

5 0.57
129
76
85
8
38

3 0.31
47
22
86

4 0.63
22
109
22
61

0 0.99

0 0.69

1 0.57
39

5 0.24
125
74
16
81
31

3 0.07
7
68
20

4 1.00
97
101
46
92

2 0.32
107
104

2 0.93
26
88

1 0.61
40

1 0.04
128

0 0.15

0 0.74

4 0.11
48
19
95
9

5 0.63
12
54
107
9
26

1 0.36
23

0 0.61

2 0.40
96
117

3 0.70
63
88
142

3 0.70
26
93
27

4 0.44
95
21
140
26

2 0.19
31
95

2 0.93
145
10

1 0.05
46

3 0.96
19
107
10

4 0.62
154
8
102
93

2 0.09
153
117

5 0.30
123
35
99
28
35

5 0.25
21
92
45
35
120

0 0.10

2 0.32
75
128

0 0.97

2 0.29
6
63

5 0.18
67
64
97
154
96

0 0.93

5 0.86
116
47
99
59
152

5 0.68
68
78
32
125
48

1 0.08
63

1 0.28
37

4 0.22
5
170
11
119

5 0.82
67
3
11
143
62

5 0.90
140
167
107
14
87

1 0.11
84

5 0.72
31
179
27
155
61

0 0.64

0 0.51

2 0.98
102
161

5 0.19
32
43
158
91
100

5 0.57
55
131
124
83
60

3 0.68
103
176
90

4 0.33
75
148
132
126

1 0.66
44

1 0.19
105

4 0.37
149
51
40
138

5 0.82
19
6
45
116
3

1 0.27
22

2 0.01
26
5

4 0.78
175
53
171
14

2 0.48
109
108

5 0.03
51
190
70
50
183

0 0.96

4 0.43
115
80
65
83

3 0.94
192
96
101

1 0.81
50

5 0.80
44
184
183
113
192

5 0.68
169
170
187
35
36

2 0.87
41
78

4 0.56
60
74
62
181

3 0.20
4
43
110

3 0.65
112
9
185

5 0.78
94
94
93
193
110

0 0.75

4 0.76
177
133
80
174

2 0.95
116
13

5 0.91
71
135
40
133
42

1 0.77
59

4 0.38
174
196
53
175

3 0.67
56
209
178

2 0.61
205
13

5 0.23
187
121
137
204
28

0 0.96

5 0.92
2
154
94
151
75

4 0.77
121
98
119
118

2 0.37
81
198

4 0.47
137
22
144
81

3 0.37
28
54
152

5 0.58
94
189
61
105
26

1 0.53
96

5 0.29
198
76
106
127
78

1 0.55
128

4 0.02
227
14
105
133

4 0.05
49
122
35
12

0 0.63

3 0.91
196
2
27

3 0.54
64
192
181

0 0.55

2 0.62
213
44

3 0.59
120
108
194

0 0.44

3 0.37
8
218
116

2 0.15
9
116

2 0.36
124
171

4 0.03
200
10
119
72

4 0.68
168
84
36
219

0 0.47

0 0.12

4 0.68
155
219
211
47

3 0.11
148
112
129

2 0.07
231
171

4 0.31
166
48
109
51

4 0.09
52
181
219
245

2 0.89
14
75

0 0.89

1 0.85
243

5 0.96
246
32
180
178
88

1 0.07
196

4 0.89
158
113
28
5

2 0.90
172
5

5 0.70
223
92
79
50
194

1 0.19
170

2 0.26
194
146

0 0.37

3 0.76
42
156
140

1 0.44
211

5 0.74
118
74
175
215
52

4 0.92
248
128
98
11

1 0.66
165

4 0.84
254
47
173
147

1 1.00
152

5 0.55
131
151
4
111
59

1 0.13
124

5 0.35
198
163
187
95
151

0 0.56

2 0.78
77
16

0 0.18

2 0.15
43
271

4 0.88
265
207
233
264

2 0.68
55
148

0 0.27

1 0.67
32

0 0.45

0 0.72

4 0.86
244
186
97
241

5 0.74
172
131
112
201
162

3 0.05
93
192
124

5 0.80
218
193
232
257
34

1 0.21
1

4 0.51
2
58
111
148

0 0.92

5 0.66
246
137
55
95
126

3 0.85
19
151
73

1 0.88
86

5 0.10
245
279
132
284
279

1 0.90
131

0 0.73

3 0.82
44
89
285

1 0.96
48

3 0.29
234
32
229

0 0.09

1 0.63
195

0 0.94

3 0.19
246
234
66
