200 513          
0 0.09

0 0.44

0 0.39

2 0.55
1
1

0 0.37

0 0.61

5 0.54
5
1
1
4
1

2 0.56
4
2

5 0.24
2
5
4
2
5

1 0.58
3

1 0.04
8

5 0.40
8
3
5
2
9

4 0.16
3
3
5
3

1 0.56
11

4 0.31
12
2
1
9

5 0.86
4
10
13
3
13

1 0.82
10

2 0.69
4
16

5 0.20
1
1
2
3
1

4 0.93
2
4
6
15

2 0.90
18
2

4 0.40
6
17
17
20

4 0.07
2
2
14
13

4 0.97
2
13
5
21

5 0.17
22
3
6
15
6

0 0.74

2 0.81
19
20

2 0.54
11
16

3 0.52
7
3
24

5 0.99
18
13
25
15
7

3 0.41
11
28
4

3 0.93
7
10
19

5 0.63
13
29
26
27
30

2 0.28
21
32

0 0.54

4 0.52
9
25
3
8

5 0.08
3
8
6
15
21

3 0.61
4
29
15

4 0.92
5
10
20
4

1 0.38
37

1 0.17
8

2 0.73
8
24

5 0.82
28
14
15
3
35

4 0.77
18
11
34
33

1 0.47
16

5 0.58
14
32
36
18
24

4 0.97
19
29
7
11

1 0.48
39

4 0.97
5
8
13
28

3 0.33
28
44
37

3 0.87
44
23
47

1 0.89
9

1 0.16
42

5 0.40
47
34
33
5
33

4 0.18
23
43
53
42

3 0.13
17
2
18

5 0.01
27
15
45
35
31

4 0.22
52
5
54
4

1 0.81
7

3 0.91
46
27
49

3 0.33
47
50
12

2 0.22
24
38

5 0.11
25
21
19
9
45

0 0.90

3 0.90
50
1
59

4 0.01
49
21
58
17

3 0.51
38
36
53

0 0.45

4 0.95
47
9
16
5

0 0.40

1 0.85
19

1 0.74
35

3 0.43
54
36
48

5 0.58
64
62
35
37
52

2 0.05
3
48

2 0.87
39
65

2 0.85
36
23

0 0.05

3 0.75
35
47
8

1 0.56
26

4 0.11
55
42
41
31

5 0.33
11
75
48
29
35

3 0.17
70
23
61

0 0.16

3 0.77
33
17
39

0 0.13

3 0.22
58
45
52

1 0.18
18

0 0.68

5 0.15
8
32
49
11
86

3 0.57
80
30
27

5 0.36
57
55
34
71
30

5 0.45
89
45
56
88
2

1 0.17
72

5 0.84
42
66
58
45
86

5 0.16
78
6
82
57
73

1 0.94
64

0 0.53

3 0.26
52
76
73

1 0.87
39

4 0.32
30
9
59
13

3 0.52
80
36
3

3 0.49
63
33
56

4 0.09
51
49
64
59

4 0.32
39
11
15
21

5 0.89
71
23
21
65
103

4 0.79
54
93
59
67

1 0.40
13

1 0.36
28

5 0.45
28
79
106
15
37

5 0.26
67
4
9
2
12

3 0.86
82
67
46

0 0.29

4 0.07
70
17
38
105

1 0.51
76

2 0.58
62
21

1 0.92
50

5 0.23
79
73
31
66
60

4 0.81
93
21
45
52

2 0.12
106
96

1 0.53
100

3 0.66
17
50
115

0 0.82

0 0.06

2 0.55
93
51

3 0.14
77
124
44

3 0.31
19
108
28

5 0.02
19
23
5
30
23

0 0.03

1 0.34
116

3 0.85
76
35
60

5 0.11
31
129
19
34
52

3 0.74
31
36
118

3 0.09
95
112
104

4 0.45
39
55
28
15

4 0.27
131
35
56
11

3 0.01
7
134
11

3 0.01
119
92
104

1 0.45
44

4 0.78
51
118
3
42

2 0.14
39
137

0 0.01

2 0.81
22
59

1 0.69
32

5 0.39
134
94
68
14
35

5 0.48
69
139
100
108
64

3 0.50
2
16
24

0 0.74

0 0.79

4 0.77
34
58
122
49

3 0.45
48
128
28

2 0.84
96
19

0 0.10

4 0.71
59
86
129
117

3 0.77
3
98
10

4 0.46
22
106
27
43

5 0.71
41
98
71
38
1

1 0.80
56

3 0.97
155
110
95

0 0.81

0 0.76

1 0.36
152

0 0.53

4 0.15
45
8
52
48

0 0.56

5 0.28
112
43
23
146
21

0 0.61

3 0.49
94
152
50

0 0.52

0 0.86

2 0.08
88
59

2 0.42
146
160

3 0.91
101
37
19

3 0.88
151
66
146

5 0.87
84
17
21
112
41

4 0.34
151
68
29
61

0 0.62

5 0.39
51
38
46
64
50

1 0.20
95

1 0.97
65

0 0.34

3 0.76
109
96
1

5 0.19
25
69
60
42
92

5 0.44
128
3
59
13
156

0 0.88

5 0.65
92
27
45
40
31

2 0.09
119
4

1 0.54
28

1 0.72
129

5 0.58
82
76
74
112
47

0 0.59

0 0.37

5 0.99
180
96
160
110
68

2 0.46
45
190

3 0.07
49
84
59

4 0.69
149
173
157
26

5 0.70
95
7
91
77
165

3 0.41
34
184
21

1 0.55
40

0 0.19
